61
111
-10
148
30
-53
-11
0
0
66
0
-71
-33
30
-26
-63
0
0
61
0
0
0
0
2
0
80
0
90
37
40
5
50
0
25
117
0
0
0
0
71
0
0
65
-59
0
30
0
0
0
0
70
47
64
115
52
61
0
0
73
0
143
98
22
62
109
32
33
60
2
0
0
0
116
-37
0
0
-104
-43
-79
0
142
60
-60
0
0
-14
67
74
169
0
-28
0
64
41
63
-6
0
44
0
115
24
0
4
0
32
40
0
0
72
0
66
28
50
-29
7
-53
0
0
81
0
-2
0
51
117
0
0
96
120
0
82
75
0
56
-45
0
33
-22
14
-154
37
-24
60
0
-9
0
0
109
0
-21
78
26
4
0
0
116
0
0
43
59
0
34
83
50
211
-27
0
0
60
82
63
16
0
-37
14
224
0
4
0
-68
-93
114
0
-11
-40
0
0
0
0
0
14
67
51
-13
0
-45
68
0
0
32
156
-80
68
0
0
0
36
0
83
0
0
-15
0
40
0
0
0
66
143
-5
39
340
341
51
162
-23
-68
81
0
120
47
0
0
-94
61
-39
-30
0
-67
-4
44
-28
-72
29
15
0
18
34
14
0
0
-14
0
0
0
54
0
0
0
0
0
150
166
0
172
0
0
63
210
0
-16
0
61
0
0
0
0
41
90
61
0
128
0
-42
58
60
1
0
0
64
0
43
0
23
54
0
0
73
0
9
91
73
64
68
0
0
153
-18
74
-84
399
-157
56
0
-5
0
-90
0
133
-170
0
39
0
63
51
0
32
0
-41
160
-15
0
-20
-40
44
39
63
60
245
18
-30
0
0
94
63
0
26
0
55
-42
0
0
134
35
-41
0
0
0
0
0
179
67
77
31
86
-31
0
-27
90
-73
38
4
0
11
0
46
0
-15
0
113
92
0
-3
0
0
0
101
76
62
-75
-69
10
40
678
88
-65
0
0
0
0
0
0
0
0
698
31
0
-75
0
0
-37
-65
0
92
-61
0
135
0
0
0
0
-94
0
-96
0
760
0
-59
0
55
112
0
5
51
125
7
-49
71
90
0
0
21
27
-63
0
63
98
0
-68
-85
-71
0
-30
85
0
-49
0
-91
0
-87
-43
-24
0
0
-17
120
0
75
-20
72
-75
0
0
0
0
64
0
0
-58
7
0
7
0
-62
-85
0
68
0
